keep
last_metric=0.906518
best_before=0.678388
