keep
last_metric=0.894439
best_before=0.893924
