keep
last_metric=0.951973
best_before=0.950257
