keep
last_metric=0.929674
best_before=0.927959
