keep
last_metric=0.911689
best_before=0.908857
