keep
last_metric=0.956261
best_before=0.951973
