keep
last_metric=0.831102
best_before=0.796859
