keep
last_metric=0.907055
best_before=0.906025
