keep
last_metric=0.855819
best_before=0.839598
