keep
last_metric=0.678388
best_before=0.000000
