keep
last_metric=0.950257
best_before=0.929674
