keep
last_metric=0.873069
best_before=0.867662
