keep
last_metric=0.977702
best_before=0.967410
