keep
last_metric=0.919156
best_before=0.911689
