keep
last_metric=0.935633
best_before=0.925077
