keep
last_metric=0.908342
best_before=0.907055
