keep
last_metric=0.867662
best_before=0.855819
