keep
last_metric=0.931256
best_before=0.919156
