keep
last_metric=0.933059
best_before=0.931256
