keep
last_metric=0.906025
best_before=0.900618
