keep
last_metric=0.925077
best_before=0.000000
