keep
last_metric=0.927959
best_before=0.906518
