keep
last_metric=0.979417
best_before=0.977702
