keep
last_metric=0.796859
best_before=0.000000
