keep
last_metric=0.893666
best_before=0.873069
