keep
last_metric=0.893924
best_before=0.893666
