keep
last_metric=0.908857
best_before=0.908342
