keep
last_metric=0.963122
best_before=0.960549
